{
 "cells": [
  {
   "cell_type": "code",
   "execution_count": 30,
   "id": "174de279",
   "metadata": {},
   "outputs": [
    {
     "name": "stdout",
     "output_type": "stream",
     "text": [
      "Loaded model New_Simscape_Assem\n",
      "Model name  : New_Simscape_Assem\n",
      "DOF (nv)    : 26\n",
      "Joints (nq) : 27\n",
      "Num joints  : 22\n",
      "Num frames  : 59\n",
      "Num bodies  : 22\n",
      "Num actuators: 26\n",
      "\n",
      "── Joints ──\n",
      "  [0] universe\n",
      "  [1] root_joint\n",
      "  [2] Hip_Frontal_BL\n",
      "  [3] Hip_Sagittal_BL\n",
      "  [4] Knee_BL\n",
      "  [5] Ankle_BL\n",
      "  [6] Knee_Fourbar_BL\n",
      "  [7] Hip_Frontal_BR\n",
      "  [8] Hip_Sagittal_BR\n",
      "  [9] Knee_BR\n",
      "  [10] Ankle_BR\n",
      "  [11] Knee_FourBar_BR\n",
      "  [12] Hip_Frontal_FL\n",
      "  [13] Hip_Sagittal_FL\n",
      "  [14] Knee_FL\n",
      "  [15] Ankle_FL\n",
      "  [16] Knee_FourBar_FL\n",
      "  [17] Hip_Frontal_FR\n",
      "  [18] Hip_Sagittal_FR\n",
      "  [19] Knee_FR\n",
      "  [20] Ankle_FR\n",
      "  [21] Knee_FourBar_FR\n"
     ]
    }
   ],
   "source": [
    "import os\n",
    "import time \n",
    "import numpy as np\n",
    "\n",
    "import pinocchio as pin\n",
    "from pinocchio.visualize.meshcat_visualizer import MeshcatVisualizer\n",
    "\n",
    "Script_DIR = os.getcwd()\n",
    "Urdf_path = os.path.join(Script_DIR,\"New_Simscape_Assem\", \"urdf\", \"New_Simscape_Assem.urdf\")\n",
    "mesh_dir  = Script_DIR\n",
    "\n",
    "model ,collision_model, visual_model = pin.buildModelsFromUrdf(Urdf_path, mesh_dir, pin.JointModelFreeFlyer())\n",
    "\n",
    "print('Loaded model', model.name)\n",
    "\n",
    "print(f\"Model name  : {model.name}\")\n",
    "print(f\"DOF (nv)    : {model.nv}\")\n",
    "print(f\"Joints (nq) : {model.nq}\")\n",
    "print(f\"Num joints  : {model.njoints}\")\n",
    "print(f\"Num frames  : {model.nframes}\")\n",
    "print(f\"Num bodies  : {model.nbodies}\")\n",
    "print(f\"Num actuators: {model.nv}\")\n",
    "\n",
    "print(\"\\n── Joints ──\")\n",
    "for i, name in enumerate(model.names):\n",
    "    print(f\"  [{i}] {name}\")\n"
   ]
  },
  {
   "cell_type": "code",
   "execution_count": 31,
   "id": "de3e0e71",
   "metadata": {},
   "outputs": [
    {
     "name": "stdout",
     "output_type": "stream",
     "text": [
      "Crocoddyl state created with model\n"
     ]
    }
   ],
   "source": [
    "import crocoddyl\n",
    "state = crocoddyl.StateMultibody(model)\n",
    "print(\"Crocoddyl state created with model\")\n"
   ]
  },
  {
   "cell_type": "code",
   "execution_count": 38,
   "id": "d821988b",
   "metadata": {},
   "outputs": [
    {
     "name": "stdout",
     "output_type": "stream",
     "text": [
      "You can open the visualizer by visiting the following URL:\n",
      "http://127.0.0.1:7005/static/\n"
     ]
    }
   ],
   "source": [
    "\n",
    "viz = pin.visualize.MeshcatVisualizer(model, collision_model, visual_model)\n",
    "viz.initViewer()\n",
    "viz.loadViewerModel()\n"
   ]
  },
  {
   "cell_type": "code",
   "execution_count": 39,
   "id": "9ec9880e",
   "metadata": {},
   "outputs": [
    {
     "name": "stdout",
     "output_type": "stream",
     "text": [
      "\n",
      "Sweeping joint 'Knee_BL' (idx_q=9) ...\n"
     ]
    }
   ],
   "source": [
    "\n",
    "def sweep_joint(joint_name, amplitude=0.8, duration=4.0, dt=0.02):\n",
    "    \"\"\"Sinusoidally sweep a single joint for visualization testing.\"\"\"\n",
    "    joint_id = model.getJointId(joint_name)\n",
    "    if joint_id >= model.njoints:\n",
    "        print(f\"Joint '{joint_name}' not found.\")\n",
    "        return\n",
    "\n",
    "    idx_q = model.joints[joint_id].idx_q\n",
    "    q = q0.copy()\n",
    "\n",
    "    print(f\"\\nSweeping joint '{joint_name}' (idx_q={idx_q}) ...\")\n",
    "    t = 0.0\n",
    "    while t < duration:\n",
    "        q[idx_q] = amplitude * np.sin(2 * np.pi * t / duration)\n",
    "        viz.display(q)\n",
    "        time.sleep(dt)\n",
    "        t += dt\n",
    "\n",
    "q0 = pin.neutral(model)\n",
    "sweep_joint(\"Knee_BL\")\n"
   ]
  },
  {
   "cell_type": "code",
   "execution_count": 37,
   "id": "953d3b30",
   "metadata": {},
   "outputs": [
    {
     "name": "stdout",
     "output_type": "stream",
     "text": [
      "\n",
      "Sweeping joint 'Knee_BL' (idx_q=9) ...\n"
     ]
    }
   ],
   "source": [
    "def sweep_joint(joint_name, amplitude=0.8, duration=4.0, dt=0.02):\n",
    "    joint_id = model.getJointId(joint_name)\n",
    "    if joint_id >= model.njoints:\n",
    "        print(f\"Joint '{joint_name}' not found.\")\n",
    "        return\n",
    "\n",
    "    idx_q = model.joints[joint_id].idx_q\n",
    "    q = q0.copy()\n",
    "\n",
    "    # Define mimic relationships: {mimic_joint: (parent_joint, multiplier, offset)}\n",
    "    mimic_map = {\n",
    "        \"Ankle_FR\":      (\"Knee_FR\",   1, 0),\n",
    "        \"Knee_FourBar_FR\": (\"Knee_FR\", -1, 0),\n",
    "        \"Ankle_FL\":      (\"Knee_FL\",   1, 0),\n",
    "        \"Knee_FourBar_FL\": (\"Knee_FL\", -1, 0),\n",
    "        \"Ankle_BR\":      (\"Knee_BR\",   1, 0),\n",
    "        \"Knee_FourBar_BR\": (\"Knee_BR\", -1, 0),\n",
    "        \"Ankle_BL\":      (\"Knee_BL\",   1, 0),\n",
    "        \"Knee_Fourbar_BL\": (\"Knee_BL\", -1, 0),\n",
    "    }\n",
    "\n",
    "    print(f\"\\nSweeping joint '{joint_name}' (idx_q={idx_q}) ...\")\n",
    "    t = 0.0\n",
    "    while t < duration:\n",
    "        q[idx_q] = amplitude * np.sin(2 * np.pi * t / duration)\n",
    "\n",
    "        # Enforce mimic joints\n",
    "        for mimic_name, (parent_name, mult, offset) in mimic_map.items():\n",
    "            parent_idx = model.joints[model.getJointId(parent_name)].idx_q\n",
    "            mimic_idx = model.joints[model.getJointId(mimic_name)].idx_q\n",
    "            q[mimic_idx] = mult * q[parent_idx] + offset\n",
    "\n",
    "        viz.display(q)\n",
    "        time.sleep(dt)\n",
    "        t += dt\n",
    "\n",
    "q0 = pin.neutral(model)\n",
    "sweep_joint(\"Knee_BL\")"
   ]
  },
  {
   "cell_type": "code",
   "execution_count": 11,
   "id": "455e3847",
   "metadata": {},
   "outputs": [
    {
     "name": "stdout",
     "output_type": "stream",
     "text": [
      "Free flying coordinates: \n",
      " [0. 0. 0. 0. 0. 0. 1.]\n",
      "Mass matrix :\n",
      " [[ 5.43978520e+00  0.00000000e+00  0.00000000e+00  0.00000000e+00\n",
      "   3.40574317e-01  1.69167605e-05  1.53707638e-07  2.60133670e-02\n",
      "   2.49130440e-02 -1.02391011e-04 -4.91386320e-03  7.77514805e-08\n",
      "  -3.51705547e-02 -2.84098431e-02  1.12306512e-04  4.91379059e-03\n",
      "   1.59223758e-07  2.03093907e-02  2.40050412e-02 -2.79758370e-04\n",
      "  -4.91304482e-03  8.31545059e-08 -3.66872262e-02 -2.85791509e-02\n",
      "   2.87494676e-04  4.91312185e-03]\n",
      " [ 0.00000000e+00  5.43978520e+00  0.00000000e+00 -3.40574317e-01\n",
      "   0.00000000e+00  2.14810209e-01 -2.54629802e-02  2.48379804e-04\n",
      "   2.95864841e-05 -2.83868682e-05 -2.22661264e-07 -3.54280336e-02\n",
      "   4.43581415e-04  5.25896036e-05 -5.07439979e-05 -3.46898233e-07\n",
      "  -2.70084454e-02 -1.07856382e-02  2.22011199e-05 -2.53911526e-05\n",
      "   5.79866724e-07 -3.69338450e-02  4.53819241e-04  4.58864249e-05\n",
      "  -5.29782880e-05  1.28936741e-06]\n",
      " [ 0.00000000e+00  0.00000000e+00  5.43978520e+00 -1.69167605e-05\n",
      "  -2.14810209e-01  0.00000000e+00  1.65788434e-02  3.23062521e-02\n",
      "   3.83759123e-03 -3.69293636e-03 -2.67074852e-05 -1.47485248e-02\n",
      "  -3.23049627e-02 -3.83513305e-03  3.69240856e-03  2.67057154e-05\n",
      "   1.65266640e-02  2.96888170e-02  3.20987602e-03 -3.68376970e-03\n",
      "   8.64218073e-05 -1.48285583e-02 -3.15693076e-02 -3.19706956e-03\n",
      "   3.68288050e-03 -8.83835341e-05]\n",
      " [ 0.00000000e+00 -3.40574317e-01 -1.69167605e-05  1.16271038e-01\n",
      "  -6.53112021e-05  1.96111081e-02 -9.41513792e-03 -2.84910974e-03\n",
      "  -3.06647202e-04  2.95182771e-04  2.10829333e-06 -1.03055197e-02\n",
      "  -2.84742933e-03 -3.06304162e-04  2.94944390e-04  2.11399516e-06\n",
      "  -9.88629730e-03 -4.50577463e-03 -2.56819145e-04  2.94483122e-04\n",
      "  -6.83696066e-06 -1.08256216e-02 -2.78922053e-03 -2.55653535e-04\n",
      "   2.94182786e-04 -6.97986888e-06]\n",
      " [ 3.40574317e-01  0.00000000e+00 -2.14810209e-01 -6.53112021e-05\n",
      "   1.92211615e-01  1.62380674e-04 -5.40578173e-03 -2.02042433e-02\n",
      "  -8.75030285e-03  1.63393871e-03  9.57212815e-04  4.81489630e-03\n",
      "   2.12538971e-02  9.60305913e-03 -1.63690064e-03 -9.57182145e-04\n",
      "   1.16895282e-03 -6.82025026e-03 -7.19727652e-03  2.07268713e-04\n",
      "   9.73596764e-04 -1.03991705e-03  8.89031771e-03  8.34227224e-03\n",
      "  -2.09289581e-04 -9.73262258e-04]\n",
      " [ 1.69167605e-05  2.14810209e-01  0.00000000e+00  1.96111081e-02\n",
      "   1.62380674e-04  1.26018118e-01 -1.03926460e-02  2.14641810e-03\n",
      "   2.04701739e-03 -2.07440517e-05 -3.95881503e-04 -1.36813225e-02\n",
      "   3.13829029e-03  2.38576030e-03 -3.14664693e-05 -4.01403775e-04\n",
      "  -1.34260448e-04  1.66441952e-03  1.95818450e-03 -2.37927215e-05\n",
      "  -3.95211027e-04  5.37272776e-04  3.10797749e-03  2.38735234e-03\n",
      "  -2.59752631e-05 -4.02199789e-04]\n",
      " [ 1.53707638e-07 -2.54629802e-02  1.65788434e-02 -9.41513792e-03\n",
      "  -5.40578173e-03 -1.03926460e-02  8.15225445e-03  1.59454428e-03\n",
      "   1.57646689e-04 -1.51770300e-04 -1.07530994e-06  0.00000000e+00\n",
      "   0.00000000e+00  0.00000000e+00  0.00000000e+00  0.00000000e+00\n",
      "   0.00000000e+00  0.00000000e+00  0.00000000e+00  0.00000000e+00\n",
      "   0.00000000e+00  0.00000000e+00  0.00000000e+00  0.00000000e+00\n",
      "   0.00000000e+00  0.00000000e+00]\n",
      " [ 2.60133670e-02  2.48379804e-04  3.23062521e-02 -2.84910974e-03\n",
      "  -2.02042433e-02  2.14641810e-03  1.59454428e-03  1.22283551e-02\n",
      "   7.28202226e-03 -7.90820061e-04 -8.33810377e-04  0.00000000e+00\n",
      "   0.00000000e+00  0.00000000e+00  0.00000000e+00  0.00000000e+00\n",
      "   0.00000000e+00  0.00000000e+00  0.00000000e+00  0.00000000e+00\n",
      "   0.00000000e+00  0.00000000e+00  0.00000000e+00  0.00000000e+00\n",
      "   0.00000000e+00  0.00000000e+00]\n",
      " [ 2.49130440e-02  2.95864841e-05  3.83759123e-03 -3.06647202e-04\n",
      "  -8.75030285e-03  2.04701739e-03  1.57646689e-04  7.28202226e-03\n",
      "   6.88866311e-03 -2.81808171e-04  0.00000000e+00  0.00000000e+00\n",
      "   0.00000000e+00  0.00000000e+00  0.00000000e+00  0.00000000e+00\n",
      "   0.00000000e+00  0.00000000e+00  0.00000000e+00  0.00000000e+00\n",
      "   0.00000000e+00  0.00000000e+00  0.00000000e+00  0.00000000e+00\n",
      "   0.00000000e+00  0.00000000e+00]\n",
      " [-1.02391011e-04 -2.83868682e-05 -3.69293636e-03  2.95182771e-04\n",
      "   1.63393871e-03 -2.07440517e-05 -1.51770300e-04 -7.90820061e-04\n",
      "  -2.81808171e-04  2.44880516e-04  0.00000000e+00  0.00000000e+00\n",
      "   0.00000000e+00  0.00000000e+00  0.00000000e+00  0.00000000e+00\n",
      "   0.00000000e+00  0.00000000e+00  0.00000000e+00  0.00000000e+00\n",
      "   0.00000000e+00  0.00000000e+00  0.00000000e+00  0.00000000e+00\n",
      "   0.00000000e+00  0.00000000e+00]\n",
      " [-4.91386320e-03 -2.22661264e-07 -2.67074852e-05  2.10829333e-06\n",
      "   9.57212815e-04 -3.95881503e-04 -1.07530994e-06 -8.33810377e-04\n",
      "   0.00000000e+00  0.00000000e+00  9.20838608e-04  0.00000000e+00\n",
      "   0.00000000e+00  0.00000000e+00  0.00000000e+00  0.00000000e+00\n",
      "   0.00000000e+00  0.00000000e+00  0.00000000e+00  0.00000000e+00\n",
      "   0.00000000e+00  0.00000000e+00  0.00000000e+00  0.00000000e+00\n",
      "   0.00000000e+00  0.00000000e+00]\n",
      " [ 7.77514805e-08 -3.54280336e-02 -1.47485248e-02 -1.03055197e-02\n",
      "   4.81489630e-03 -1.36813225e-02  0.00000000e+00  0.00000000e+00\n",
      "   0.00000000e+00  0.00000000e+00  0.00000000e+00  9.88910593e-03\n",
      "   1.37906099e-03  1.31961425e-04 -1.27114295e-04 -8.97295099e-07\n",
      "   0.00000000e+00  0.00000000e+00  0.00000000e+00  0.00000000e+00\n",
      "   0.00000000e+00  0.00000000e+00  0.00000000e+00  0.00000000e+00\n",
      "   0.00000000e+00  0.00000000e+00]\n",
      " [-3.51705547e-02  4.43581415e-04 -3.23049627e-02 -2.84742933e-03\n",
      "   2.12538971e-02  3.13829029e-03  0.00000000e+00  0.00000000e+00\n",
      "   0.00000000e+00  0.00000000e+00  0.00000000e+00  1.37906099e-03\n",
      "   1.41688241e-02  8.94654253e-03 -7.97253127e-04 -9.88483129e-04\n",
      "   0.00000000e+00  0.00000000e+00  0.00000000e+00  0.00000000e+00\n",
      "   0.00000000e+00  0.00000000e+00  0.00000000e+00  0.00000000e+00\n",
      "   0.00000000e+00  0.00000000e+00]\n",
      " [-2.84098431e-02  5.25896036e-05 -3.83513305e-03 -3.06304162e-04\n",
      "   9.60305913e-03  2.38576030e-03  0.00000000e+00  0.00000000e+00\n",
      "   0.00000000e+00  0.00000000e+00  0.00000000e+00  1.31961425e-04\n",
      "   8.94654253e-03  8.56195164e-03 -2.88238151e-04  0.00000000e+00\n",
      "   0.00000000e+00  0.00000000e+00  0.00000000e+00  0.00000000e+00\n",
      "   0.00000000e+00  0.00000000e+00  0.00000000e+00  0.00000000e+00\n",
      "   0.00000000e+00  0.00000000e+00]\n",
      " [ 1.12306512e-04 -5.07439979e-05  3.69240856e-03  2.94944390e-04\n",
      "  -1.63690064e-03 -3.14664693e-05  0.00000000e+00  0.00000000e+00\n",
      "   0.00000000e+00  0.00000000e+00  0.00000000e+00 -1.27114295e-04\n",
      "  -7.97253127e-04 -2.88238151e-04  2.44880516e-04  0.00000000e+00\n",
      "   0.00000000e+00  0.00000000e+00  0.00000000e+00  0.00000000e+00\n",
      "   0.00000000e+00  0.00000000e+00  0.00000000e+00  0.00000000e+00\n",
      "   0.00000000e+00  0.00000000e+00]\n",
      " [ 4.91379059e-03 -3.46898233e-07  2.67057154e-05  2.11399516e-06\n",
      "  -9.57182145e-04 -4.01403775e-04  0.00000000e+00  0.00000000e+00\n",
      "   0.00000000e+00  0.00000000e+00  0.00000000e+00 -8.97295099e-07\n",
      "  -9.88483129e-04  0.00000000e+00  0.00000000e+00  9.20845124e-04\n",
      "   0.00000000e+00  0.00000000e+00  0.00000000e+00  0.00000000e+00\n",
      "   0.00000000e+00  0.00000000e+00  0.00000000e+00  0.00000000e+00\n",
      "   0.00000000e+00  0.00000000e+00]\n",
      " [ 1.59223758e-07 -2.70084454e-02  1.65266640e-02 -9.88629730e-03\n",
      "   1.16895282e-03 -1.34260448e-04  0.00000000e+00  0.00000000e+00\n",
      "   0.00000000e+00  0.00000000e+00  0.00000000e+00  0.00000000e+00\n",
      "   0.00000000e+00  0.00000000e+00  0.00000000e+00  0.00000000e+00\n",
      "   8.59490730e-03  3.08633616e-03  1.31734609e-04 -1.50898250e-04\n",
      "   3.46417267e-06  0.00000000e+00  0.00000000e+00  0.00000000e+00\n",
      "   0.00000000e+00  0.00000000e+00]\n",
      " [ 2.03093907e-02 -1.07856382e-02  2.96888170e-02 -4.50577463e-03\n",
      "  -6.82025026e-03  1.66441952e-03  0.00000000e+00  0.00000000e+00\n",
      "   0.00000000e+00  0.00000000e+00  0.00000000e+00  0.00000000e+00\n",
      "   0.00000000e+00  0.00000000e+00  0.00000000e+00  0.00000000e+00\n",
      "   3.08633616e-03  1.09408835e-02  6.38182254e-03 -7.61779817e-04\n",
      "  -7.22055220e-04  0.00000000e+00  0.00000000e+00  0.00000000e+00\n",
      "   0.00000000e+00  0.00000000e+00]\n",
      " [ 2.40050412e-02  2.22011199e-05  3.20987602e-03 -2.56819145e-04\n",
      "  -7.19727652e-03  1.95818450e-03  0.00000000e+00  0.00000000e+00\n",
      "   0.00000000e+00  0.00000000e+00  0.00000000e+00  0.00000000e+00\n",
      "   0.00000000e+00  0.00000000e+00  0.00000000e+00  0.00000000e+00\n",
      "   1.31734609e-04  6.38182254e-03  6.46467607e-03 -3.05084233e-04\n",
      "   0.00000000e+00  0.00000000e+00  0.00000000e+00  0.00000000e+00\n",
      "   0.00000000e+00  0.00000000e+00]\n",
      " [-2.79758370e-04 -2.53911526e-05 -3.68376970e-03  2.94483122e-04\n",
      "   2.07268713e-04 -2.37927215e-05  0.00000000e+00  0.00000000e+00\n",
      "   0.00000000e+00  0.00000000e+00  0.00000000e+00  0.00000000e+00\n",
      "   0.00000000e+00  0.00000000e+00  0.00000000e+00  0.00000000e+00\n",
      "  -1.50898250e-04 -7.61779817e-04 -3.05084233e-04  2.44880516e-04\n",
      "   0.00000000e+00  0.00000000e+00  0.00000000e+00  0.00000000e+00\n",
      "   0.00000000e+00  0.00000000e+00]\n",
      " [-4.91304482e-03  5.79866724e-07  8.64218073e-05 -6.83696066e-06\n",
      "   9.73596764e-04 -3.95211027e-04  0.00000000e+00  0.00000000e+00\n",
      "   0.00000000e+00  0.00000000e+00  0.00000000e+00  0.00000000e+00\n",
      "   0.00000000e+00  0.00000000e+00  0.00000000e+00  0.00000000e+00\n",
      "   3.46417267e-06 -7.22055220e-04  0.00000000e+00  0.00000000e+00\n",
      "   9.20824002e-04  0.00000000e+00  0.00000000e+00  0.00000000e+00\n",
      "   0.00000000e+00  0.00000000e+00]\n",
      " [ 8.31545059e-08 -3.69338450e-02 -1.48285583e-02 -1.08256216e-02\n",
      "  -1.03991705e-03  5.37272776e-04  0.00000000e+00  0.00000000e+00\n",
      "   0.00000000e+00  0.00000000e+00  0.00000000e+00  0.00000000e+00\n",
      "   0.00000000e+00  0.00000000e+00  0.00000000e+00  0.00000000e+00\n",
      "   0.00000000e+00  0.00000000e+00  0.00000000e+00  0.00000000e+00\n",
      "   0.00000000e+00  1.04302378e-02  1.35784585e-03  1.10671747e-04\n",
      "  -1.27200742e-04  2.97553935e-06]\n",
      " [-3.66872262e-02  4.53819241e-04 -3.15693076e-02 -2.78922053e-03\n",
      "   8.89031771e-03  3.10797749e-03  0.00000000e+00  0.00000000e+00\n",
      "   0.00000000e+00  0.00000000e+00  0.00000000e+00  0.00000000e+00\n",
      "   0.00000000e+00  0.00000000e+00  0.00000000e+00  0.00000000e+00\n",
      "   0.00000000e+00  0.00000000e+00  0.00000000e+00  0.00000000e+00\n",
      "   0.00000000e+00  1.35784585e-03  1.44642515e-02  9.10497587e-03\n",
      "  -8.27623721e-04 -9.97593537e-04]\n",
      " [-2.85791509e-02  4.58864249e-05 -3.19706956e-03 -2.55653535e-04\n",
      "   8.34227224e-03  2.38735234e-03  0.00000000e+00  0.00000000e+00\n",
      "   0.00000000e+00  0.00000000e+00  0.00000000e+00  0.00000000e+00\n",
      "   0.00000000e+00  0.00000000e+00  0.00000000e+00  0.00000000e+00\n",
      "   0.00000000e+00  0.00000000e+00  0.00000000e+00  0.00000000e+00\n",
      "   0.00000000e+00  1.10671747e-04  9.10497587e-03  8.62164076e-03\n",
      "  -3.18610275e-04  0.00000000e+00]\n",
      " [ 2.87494676e-04 -5.29782880e-05  3.68288050e-03  2.94182786e-04\n",
      "  -2.09289581e-04 -2.59752631e-05  0.00000000e+00  0.00000000e+00\n",
      "   0.00000000e+00  0.00000000e+00  0.00000000e+00  0.00000000e+00\n",
      "   0.00000000e+00  0.00000000e+00  0.00000000e+00  0.00000000e+00\n",
      "   0.00000000e+00  0.00000000e+00  0.00000000e+00  0.00000000e+00\n",
      "   0.00000000e+00 -1.27200742e-04 -8.27623721e-04 -3.18610275e-04\n",
      "   2.44880516e-04  0.00000000e+00]\n",
      " [ 4.91312185e-03  1.28936741e-06 -8.83835341e-05 -6.97986888e-06\n",
      "  -9.73262258e-04 -4.02199789e-04  0.00000000e+00  0.00000000e+00\n",
      "   0.00000000e+00  0.00000000e+00  0.00000000e+00  0.00000000e+00\n",
      "   0.00000000e+00  0.00000000e+00  0.00000000e+00  0.00000000e+00\n",
      "   0.00000000e+00  0.00000000e+00  0.00000000e+00  0.00000000e+00\n",
      "   0.00000000e+00  2.97553935e-06 -9.97593537e-04  0.00000000e+00\n",
      "   0.00000000e+00  9.20831775e-04]]\n",
      "676\n"
     ]
    }
   ],
   "source": [
    "data = model.createData()\n",
    "\n",
    "frame_name =\"Foot_FR\"\n",
    "frame_id = model.getFrameId(frame_name)\n",
    "\n",
    "q = pin.neutral(model)\n",
    "\n",
    "\n",
    "pin.crba(model,data,q)\n",
    "data.M =np.triu(data.M) +np.triu(data.M,1).T\n",
    "\n",
    "print(\"Free flying coordinates: \\n\", q[:7])\n",
    "\n",
    "print(\"Mass matrix :\\n\", data.M)\n",
    "print(np.size(data.M))"
   ]
  },
  {
   "cell_type": "code",
   "execution_count": 40,
   "id": "a95299f2",
   "metadata": {},
   "outputs": [
    {
     "name": "stdout",
     "output_type": "stream",
     "text": [
      "Converged in 3 iterations!\n",
      "Target:   [-0.00492305  0.08453364 -0.37366449]\n",
      "Achieved: [-0.00492319  0.08453364 -0.37366437]\n"
     ]
    }
   ],
   "source": [
    "# Joints that actually affect Foot_FR\n",
    "leg_joints = [\"Hip_Frontal_FR\", \"Hip_Sagittal_FR\", \"Knee_FR\"]\n",
    "leg_idxs_v = [model.joints[model.getJointId(j)].idx_v for j in leg_joints]\n",
    "\n",
    "n_leg = len(leg_idxs_v)\n",
    "S_leg = np.zeros((model.nv, n_leg))\n",
    "for col, row in enumerate(leg_idxs_v):\n",
    "    S_leg[row, col] = 1.0\n",
    "\n",
    "# ── IK (position only, 3D) ────────────────────────────────────────\n",
    "frame_id = model.getFrameId(\"Foot_FR\")\n",
    "\n",
    "q = pin.neutral(model)\n",
    "enforce_mimic(q)\n",
    "\n",
    "pin.forwardKinematics(model, data, q)\n",
    "pin.updateFramePlacements(model, data)\n",
    "\n",
    "target_pos = data.oMf[frame_id].translation.copy()\n",
    "target_pos += np.array([0.03, 0.0, -0.05])\n",
    "\n",
    "eps = 1e-4\n",
    "dt = 1.0       # can be more aggressive with 3 DOFs\n",
    "damp = 1e-6\n",
    "max_iter = 1000\n",
    "\n",
    "for i in range(max_iter):\n",
    "    pin.forwardKinematics(model, data, q)\n",
    "    pin.updateFramePlacements(model, data)\n",
    "\n",
    "    # 3D position error only\n",
    "    err = target_pos - data.oMf[frame_id].translation\n",
    "\n",
    "    if np.linalg.norm(err) < eps:\n",
    "        print(f\"Converged in {i} iterations!\")\n",
    "        break\n",
    "\n",
    "    # Position rows only (top 3 rows of Jacobian), in WORLD frame\n",
    "    J_full = pin.computeFrameJacobian(model, data, q, frame_id,\n",
    "                                       pin.ReferenceFrame.LOCAL_WORLD_ALIGNED)\n",
    "    J = J_full[:3, :] @ S_leg  # 3 x 3\n",
    "\n",
    "    # Damped solve\n",
    "    dq_leg = np.linalg.solve(J.T @ J + damp * np.eye(n_leg), J.T @ err)\n",
    "\n",
    "    # Map back to full q\n",
    "    dq_full = S_leg @ dq_leg\n",
    "    q = pin.integrate(model, q, dq_full * dt)\n",
    "    enforce_mimic(q)\n",
    "\n",
    "else:\n",
    "    print(f\"Did not converge. Final error: {np.linalg.norm(err):.6f}\")\n",
    "\n",
    "print(\"Target:  \", target_pos)\n",
    "print(\"Achieved:\", data.oMf[frame_id].translation)\n",
    "viz.display(q)"
   ]
  },
  {
   "cell_type": "markdown",
   "id": "69e07b22",
   "metadata": {},
   "source": []
  },
  {
   "cell_type": "code",
   "execution_count": null,
   "id": "3ce759b8",
   "metadata": {},
   "outputs": [],
   "source": []
  }
 ],
 "metadata": {
  "kernelspec": {
   "display_name": "crocoddyl_env",
   "language": "python",
   "name": "python3"
  },
  "language_info": {
   "codemirror_mode": {
    "name": "ipython",
    "version": 3
   },
   "file_extension": ".py",
   "mimetype": "text/x-python",
   "name": "python",
   "nbconvert_exporter": "python",
   "pygments_lexer": "ipython3",
   "version": "3.10.19"
  }
 },
 "nbformat": 4,
 "nbformat_minor": 5
}
